((("destropy_dedup_worker" .
   [0 0 0 0 0 1 0 0 0 0 0 0 0 0 0 0 0 0 0 0 0])
  ("p" .
   [1])
  ("NULL" .
   [1 0 0 0])
  ("pointer" .
   [3 0 0 0 0 0 0])
  ("Addr" .
   [1 0 0 0])
  ("in" .
   [1 0])
  ("kbd" .
   [2 0 0])
  ("F" .
   [1])
  ("lbn2FP_kv" .
   [1 0 0 0 1 0 0 0 0])
  ("plist" .
   [1 0 0 0 0])
  ("lbns" .
   [2 0 0 0])
  ("lbn" .
   [6 0 0])
  ("val" .
   [1 0 0])
  ("free" .
   [6 0 0 0])
  ("lbn_fp_entry" .
   [0 0 0 0 0 0 4 0 0 0 0 0])
  ("lbn_fp_entry_old" .
   [1 0 0 0 0 0 0 0 0 0 0 0 0 4 0 0])
  ("Empty_Item" .
   [0 0 0 1 0 0 0 0 0 0])
  ("fp_lbn_entry" .
   [0 0 0 0 1 0 1 0 0 0 0 0])
  ("default" .
   [0 0 0 0 1 0 0])
  ("list" .
   [1 0 0 0])
  ("size" .
   [1 0 0 0])
  ("worker" .
   [2 0 0 0 0 0])
  ("FP2lbn_kv" .
   [0 0 1 0 0 0 0 0 0])
  ("l" .
   [1])
  ("fp_lbn_entry_old" .
   [1 0 0 0 0 0 0 0 0 0 0 0 0 0 0 0])))
